370	4.2367e-05	0.00018604	0.0028648
371	0	0	0
372	0	0	0
373	0	0	0
374	0	0	0
375	0	0	0
376	0	0	0
377	0	0	0
378	0	1.9332e-05	0
379	9.048e-05	0.00028215	0.0053282
380	0.00028088	0.00056323	0.013937
381	0.00033351	0.00060467	0.015962
382	0.00039544	0.00065305	0.018337
383	0.00046814	0.0007105	0.021127
384	0.00055306	0.00077914	0.024395
385	0.00065167	0.00086108	0.028203
386	0.00076543	0.00095843	0.032615
387	0.00089581	0.0010733	0.037694
388	0.0010443	0.0012079	0.043503
389	0.0012123	0.0013642	0.050106
390	0.0014013	0.0015444	0.057566
391	0.0016122	0.0017501	0.065928
392	0.0018442	0.0019802	0.075159
393	0.0020957	0.0022333	0.085209
394	0.0023652	0.0025078	0.096027
395	0.0026512	0.0028024	0.10756
396	0.0029523	0.0031153	0.11977
397	0.0032669	0.0034452	0.13259
398	0.0035937	0.0037905	0.14598
399	0.003931	0.0041496	0.15988
400	0.0042775	0.0045211	0.17425
401	0.0046324	0.0049045	0.18906
402	0.0049981	0.0053034	0.20443
403	0.0053776	0.0057222	0.22047
404	0.005774	0.0061656	0.23734
405	0.0061905	0.0066381	0.25516
406	0.0066301	0.0071444	0.27406
407	0.007096	0.0076889	0.29419
408	0.0075912	0.0082763	0.31567
409	0.0081189	0.0089111	0.33865
410	0.0086822	0.0095979	0.36325
411	0.0092829	0.01034	0.38954
412	0.0099183	0.011135	0.41732
413	0.010584	0.01198	0.44633
414	0.011277	0.01287	0.4763
415	0.011992	0.013803	0.50695
416	0.012727	0.014776	0.53803
417	0.013475	0.015783	0.56927
418	0.014235	0.016823	0.60039
419	0.015001	0.017891	0.63113
420	0.01577	0.018984	0.66122
421	0.016538	0.0201	0.69044
422	0.017305	0.02124	0.71869
423	0.018071	0.022408	0.74593
424	0.018834	0.023607	0.77211
425	0.019596	0.024839	0.79719
426	0.020355	0.026108	0.8211
427	0.021113	0.027418	0.84382
428	0.021868	0.02877	0.86528
429	0.02262	0.030169	0.88545
430	0.02337	0.031617	0.90426
431	0.024116	0.033116	0.92167
432	0.024855	0.03466	0.9376
433	0.025584	0.03624	0.95193
434	0.0263	0.037851	0.96459
435	0.026998	0.039483	0.97548
436	0.027674	0.041129	0.98449
437	0.028326	0.042782	0.99155
438	0.02895	0.044434	0.99655
439	0.029541	0.046077	0.9994
440	0.030097	0.047704	1
441	0.030614	0.049309	0.99832
442	0.031097	0.050896	0.99453
443	0.03155	0.052469	0.98887
444	0.031979	0.054034	0.98156
445	0.032388	0.055596	0.97284
446	0.032781	0.057161	0.96294
447	0.033165	0.058733	0.95208
448	0.033544	0.060319	0.94051
449	0.033922	0.061923	0.92846
450	0.034305	0.063551	0.91615
451	0.034699	0.065211	0.90378
452	0.035119	0.066927	0.89146
453	0.035579	0.068725	0.87924
454	0.036097	0.070633	0.86718
455	0.036686	0.072677	0.85535
456	0.037364	0.074884	0.84381
457	0.038146	0.07728	0.83262
458	0.039048	0.079892	0.82184
459	0.040085	0.082748	0.81155
460	0.041274	0.085874	0.80179
461	0.042627	0.089288	0.79258
462	0.044148	0.09298	0.78371
463	0.045841	0.09693	0.7749
464	0.047706	0.10112	0.76591
465	0.049746	0.10553	0.75646
466	0.051962	0.11014	0.74628
467	0.054357	0.11493	0.73512
468	0.056932	0.11988	0.7227
469	0.059689	0.12497	0.70876
470	0.06263	0.13019	0.69304
471	0.065756	0.13552	0.67536
472	0.069067	0.14095	0.65592
473	0.072559	0.14649	0.63498
474	0.076231	0.15215	0.61283
475	0.08008	0.15793	0.58974
476	0.084105	0.16382	0.56601
477	0.088303	0.16985	0.5419
478	0.092673	0.176	0.5177
479	0.097212	0.18228	0.49368
480	0.10192	0.18871	0.47013
481	0.10679	0.19527	0.44728
482	0.11186	0.20201	0.42519
483	0.11714	0.20897	0.40387
484	0.12265	0.21619	0.38335
485	0.12842	0.22369	0.36363
486	0.13448	0.23153	0.34473
487	0.14084	0.23974	0.32668
488	0.14753	0.24835	0.30947
489	0.15458	0.25741	0.29314
490	0.16201	0.26696	0.27769
491	0.16983	0.27702	0.26313
492	0.17809	0.28764	0.24942
493	0.1868	0.29884	0.23652
494	0.196	0.31066	0.22437
495	0.2057	0.32313	0.21293
496	0.21594	0.33628	0.20215
497	0.22675	0.35014	0.19197
498	0.23814	0.36475	0.18236
499	0.25015	0.38012	0.17325
500	0.26281	0.39631	0.16461
501	0.27613	0.41332	0.15638
502	0.2901	0.4311	0.14854
503	0.30471	0.44962	0.14105
504	0.31993	0.4688	0.13388
505	0.33574	0.4886	0.12701
506	0.35212	0.50896	0.12039
507	0.36906	0.52982	0.11401
508	0.38653	0.55113	0.10782
509	0.40452	0.57283	0.10181
510	0.423	0.59486	0.095931
511	0.44194	0.61716	0.090174
512	0.46125	0.6396	0.084551
513	0.48083	0.66205	0.079088
514	0.50057	0.68437	0.073812
515	0.52037	0.70642	0.068747
516	0.54013	0.72806	0.06392
517	0.55974	0.74917	0.059356
518	0.5791	0.7696	0.055081
519	0.5981	0.78922	0.051121
520	0.61664	0.80788	0.047501
521	0.63464	0.8255	0.044238
522	0.65208	0.84206	0.041306
523	0.66899	0.8576	0.038672
524	0.68536	0.87217	0.0363
525	0.70122	0.8858	0.034155
526	0.71657	0.89853	0.032203
527	0.73142	0.91039	0.030409
528	0.74579	0.92141	0.028738
529	0.75968	0.93164	0.027156
530	0.77311	0.94111	0.025628
531	0.78609	0.94986	0.024126
532	0.79863	0.95788	0.022649
533	0.81072	0.96519	0.021204
534	0.82236	0.97179	0.019795
535	0.83358	0.97768	0.01843
536	0.84436	0.98287	0.017115
537	0.85471	0.98737	0.015854
538	0.86464	0.99117	0.014655
539	0.87415	0.99428	0.013524
540	0.88324	0.99671	0.012466
541	0.89192	0.99846	0.011485
542	0.9002	0.99955	0.01058
543	0.90809	1	0.0097446
544	0.91562	0.99982	0.0089755
545	0.92278	0.99904	0.008268
546	0.92961	0.99766	0.0076176
547	0.93611	0.99572	0.0070198
548	0.94229	0.99322	0.0064701
549	0.94817	0.9902	0.0059641
550	0.95376	0.98665	0.0054973
551	0.95908	0.98261	0.0050656
552	0.96412	0.97806	0.0046668
553	0.96887	0.973	0.004299
554	0.97331	0.96743	0.0039605
555	0.97745	0.96133	0.0036492
556	0.98126	0.9547	0.0033635
557	0.98474	0.94753	0.0031015
558	0.98789	0.93982	0.0028613
559	0.99068	0.93156	0.002641
560	0.99311	0.92274	0.0024389
561	0.99518	0.91336	0.0022534
562	0.99688	0.90344	0.0020836
563	0.99821	0.89298	0.0019293
564	0.99917	0.88201	0.0017898
565	0.99977	0.87055	0.0016647
566	1	0.85861	0.0015535
567	0.99986	0.8462	0.0014558
568	0.99936	0.83336	0.0013711
569	0.9985	0.82009	0.001299
570	0.99727	0.80641	0.0012388
571	0.99568	0.79234	0.0011901
572	0.99372	0.7779	0.0011513
573	0.99138	0.7631	0.0011208
574	0.98868	0.74796	0.0010971
575	0.98559	0.7325	0.0010786
576	0.98212	0.71673	0.0010635
577	0.97826	0.70067	0.0010504
578	0.97402	0.68434	0.0010376
579	0.96938	0.66775	0.0010235
580	0.96434	0.65093	0.0010065
581	0.9589	0.63389	0.00098541
582	0.95307	0.61666	0.00096041
583	0.94686	0.5993	0.00093216
584	0.94029	0.58183	0.0009013
585	0.93338	0.56431	0.00086847
586	0.92612	0.54676	0.00083429
587	0.91855	0.52923	0.00079941
588	0.91066	0.51177	0.00076445
589	0.90247	0.4944	0.00073005
590	0.89401	0.47717	0.00069684
591	0.88527	0.46012	0.00066531
592	0.87626	0.44327	0.00063538
593	0.86698	0.42664	0.00060682
594	0.85742	0.41024	0.00057939
595	0.8476	0.3941	0.00055287
596	0.83751	0.37822	0.00052703
597	0.82714	0.36264	0.00050164
598	0.8165	0.34737	0.00047646
599	0.80559	0.33243	0.00045127
600	0.79441	0.31783	0.00042584
601	0.78296	0.30359	0.00040003
602	0.77125	0.28973	0.00037403
603	0.7593	0.27625	0.00034813
604	0.74713	0.26316	0.00032262
605	0.73474	0.25047	0.00029777
606	0.72216	0.23819	0.00027388
607	0.7094	0.22633	0.00025123
608	0.69648	0.2149	0.0002301
609	0.68341	0.20391	0.00021079
610	0.6702	0.19336	0.00019357
611	0.65688	0.18326	0.00017864
612	0.64342	0.1736	0.00016588
613	0.62983	0.16437	0.00015508
614	0.61609	0.15554	0.00014601
615	0.60219	0.1471	0.00013847
616	0.58812	0.13904	0.00013224
617	0.57387	0.13134	0.0001271
618	0.55944	0.12398	0.00012285
619	0.5448	0.11694	0.00011927
620	0.52996	0.11022	0.00011614
621	0.51491	0.1038	0.00011327
622	0.49971	0.097664	0.00011051
623	0.48441	0.091815	0.00010774
624	0.46907	0.086244	0.00010483
625	0.45377	0.080948	0.00010166
626	0.43856	0.07592	9.8094e-05
627	0.4235	0.071155	9.4017e-05
628	0.40866	0.066647	8.9297e-05
629	0.39409	0.062393	8.3809e-05
630	0.37986	0.058385	7.7426e-05
631	0.36603	0.054618	7.0087e-05
632	0.35257	0.05108	6.1981e-05
633	0.33948	0.047761	5.3362e-05
634	0.32673	0.044647	4.4485e-05
635	0.3143	0.041727	3.5602e-05
636	0.30218	0.03899	2.6968e-05
637	0.29034	0.036422	1.8838e-05
638	0.27877	0.034013	1.1463e-05
639	0.26745	0.03175	5.0995e-06
640	0.25635	0.029622	0
641	0.24547	0.027617	0
642	0.23481	0.025731	0
643	0.22438	0.023959	0
644	0.2142	0.022296	0
645	0.20428	0.020739	0
646	0.19464	0.019283	0
647	0.18527	0.017924	0
648	0.17621	0.016657	0
649	0.16746	0.015479	0
650	0.15904	0.014384	0
651	0.15094	0.013369	9.7953e-07
652	0.14318	0.012429	1.6038e-06
653	0.13573	0.011559	1.9245e-06
654	0.12858	0.010753	1.9931e-06
655	0.12172	0.010008	1.8612e-06
656	0.11515	0.0093177	1.5805e-06
657	0.10884	0.0086775	1.2024e-06
658	0.10278	0.0080826	7.7855e-07
659	0.096975	0.0075279	3.6057e-07
660	0.091399	0.0070085	0
661	0.086046	0.0065203	0
662	0.080916	0.0060615	0
663	0.076011	0.0056311	0
664	0.071334	0.0052283	0
665	0.066886	0.0048519	0
666	0.062669	0.0045011	0
667	0.058686	0.0041748	0
668	0.054939	0.0038721	0
669	0.051429	0.003592	0
670	0.048159	0.0033335	0
671	0.045128	0.0030956	7.0327e-08
672	0.042319	0.0028768	1.1515e-07
673	0.039716	0.0026758	1.3817e-07
674	0.037299	0.002491	1.431e-07
675	0.035049	0.0023211	1.3363e-07
676	0.032948	0.0021646	1.1347e-07
677	0.030977	0.0020201	8.6327e-08
678	0.029119	0.0018861	5.5898e-08
679	0.027353	0.0017611	2.5888e-08
680	0.025662	0.0016438	0
681	0.024031	0.0015329	0
682	0.022459	0.0014278	0
683	0.020949	0.0013285	0
684	0.019505	0.0012345	0
685	0.018129	0.0011457	0
686	0.016826	0.0010617	0
687	0.015597	0.00098241	0
688	0.014447	0.00090747	0
689	0.013378	0.00083664	0
690	0.012393	0.00076966	0
691	0.011495	0.00070633	5.0494e-09
692	0.010678	0.00064664	8.2677e-09
693	0.0099344	0.00059064	9.9209e-09
694	0.0092588	0.00053838	1.0275e-08
695	0.008644	0.00048989	9.595e-09
696	0.0080831	0.00044524	8.1478e-09
697	0.0075696	0.00040446	6.1988e-09
698	0.0070966	0.0003676	4.0139e-09
699	0.0066574	0.0003347	1.859e-09
700	0.0062453	0.00030583	0
701	0.0058545	0.00028095	0
702	0.0054836	0.00025985	0
703	0.0051321	0.00024221	0
704	0.0047996	0.00022775	0
705	0.0044856	0.00021617	0
706	0.0041896	0.00020717	0
707	0.0039113	0.00020047	0
708	0.0036501	0.00019576	0
709	0.0034057	0.00019275	0
710	0.0031776	0.00019114	0
711	0.0029651	0.00019063	3.6453e-10
712	0.0027677	0.00019085	5.9792e-10
713	0.0025842	0.00019142	7.1897e-10
714	0.002414	0.00019196	7.4647e-10
715	0.002256	0.00019209	6.9924e-10
716	0.0021094	0.00019143	5.9606e-10
717	0.0019733	0.0001896	4.5575e-10
718	0.0018469	0.00018623	2.971e-10
719	0.0017292	0.00018092	1.3892e-10
720	0.0016194	0.0001733	0
721	0.0015166	0.00016311	0
722	0.00142	0.00015053	0
723	0.0013291	0.00013586	0
724	0.001243	0.00011941	0
725	0.0011612	0.00010146	0
726	0.0010829	8.2339e-05	0
727	0.0010074	6.2328e-05	0
728	0.00093399	4.1735e-05	0
729	0.00086205	2.0858e-05	0
730	0.00079086	0	0
